order,wave,xpix,weights
7.0,9657.7863,1849.3474103276587,165.30624697178385
7.0,9664.6983,1797.7353654372564,16.60701368482735
7.0,9700.5631,1528.9471616628705,32.52243892543429
7.0,9746.4629,1176.7355629859253,58.79384720942495
7.0,9784.5028,877.8242837243788,229.26284746809552
7.0,9812.6976,652.0033248246888,23.10890115333304
7.0,9826.4497,540.5128181876486,33.09571116031663
7.0,9833.4232,483.48319293556193,49.3416736476089
8.0,9561.2452,1334.0978549067847,16.21286693679115
8.0,9629.5693,789.4634408591298,24.871754346922973
8.0,9632.6439,764.4756693726238,30.84080341154855
8.0,9664.6983,500.708566750856,25.20202128426653
8.0,9700.5631,199.47477837146238,31.50306723579705
9.0,9383.2722,1481.6426057775607,17.37989549970133
9.0,9399.0891,1356.644934746393,59.68620006817635
9.0,9431.5996,1096.2757720497173,25.28374539599669
9.0,9461.0279,856.0495312404864,36.864279665106345
9.0,9467.1954,805.3934045547313,15.83079498801538
9.0,9470.6819,776.3295949285697,36.22472403893779
9.0,9474.8793,741.5036364034337,47.64972505695205
9.0,9505.393,486.0864731993383,14.406009348687027
10.0,9194.6385,1757.1595252165616,58.994936327291526
10.0,9203.9617,1683.9452313949082,46.27684386753191
10.0,9276.2732,1102.1584154568582,34.52633451953961
10.0,9289.5624,992.3932863767619,30.277586023127427
10.0,9291.5313,976.0919354094647,73.16118567330213
10.0,9383.2722,193.0601601734789,17.44405127221335
10.0,9399.0891,53.57638423153902,28.648776670841986
11.0,9048.2501,1742.0610721171067,37.9589318123775
11.0,9094.8289,1365.00930723558,24.64442872687148
11.0,9194.6385,822.4135339538768,8.081539112695618
11.0,9203.9617,440.57250973639884,62.92526698222368
12.0,8955.8467,1320.8692661138307,16.534485096933388
12.0,8962.1468,1268.0121978510722,18.683067632614094
12.0,8967.0031,1221.9779253890558,53.40650384482543
12.0,9008.4636,874.1222486377875,19.939450616577712
12.0,9016.5903,803.973967840905,17.0260409431211
12.0,9017.5912,795.0055408053302,21.723973708939553
12.0,9048.2501,526.106017940758,61.54558326525215
12.0,9063.96,386.172199273038,16.28963742846058
12.0,9072.2785,302.22293044864625,20.942629321771253
12.0,9075.3945,283.5299415404213,25.187288338479267
13.0,8758.2434,1801.829946345877,14.728639439066635
13.0,8761.6862,1773.558049933356,32.960902904239354
13.0,8771.8602,1689.7981601280846,19.834340965401932
13.0,8775.5733,1659.0990431339749,14.335775654087467
13.0,8799.0875,1462.9592142718411,29.547364183863863
13.0,8868.8334,864.2287547948357,30.412574805250678
13.0,8892.9865,650.5671773903124,26.84048657951922
13.0,8905.6581,537.2024153464323,17.1969353264942
14.0,8620.4602,1827.1943592133814,22.916772854613317
14.0,8665.4855,1448.0971542567936,25.228433336950022
14.0,8678.4083,1337.1481517620682,28.402018126140238
14.0,8709.2341,1069.1737202865224,32.56066115039121
14.0,8732.424,864.1636573291629,13.382990321063414
14.0,8748.0309,724.2073363314548,45.64465854643033
14.0,8758.2434,631.8958100567679,34.498704931815226
14.0,8761.6862,600.6182599119005,60.56922185227974
14.0,8766.745,554.7612214655118,13.398983991706649
14.0,8771.8602,507.87101175772005,30.483940138520218
14.0,8775.5733,473.88958671372575,20.621855370587124
14.0,8799.0875,256.54318565130825,26.026270711836553
15.0,8539.793,1399.42061635534,15.749557727015796
15.0,8554.944,1267.153691754022,25.776271660569677
15.0,8573.1205,1106.2580343607503,41.285977622853544
15.0,8605.7762,812.7866920989418,73.11996594445304
15.0,8620.4602,678.7074021613029,55.5188355788578
15.0,8639.4416,503.2358899484565,14.050912954556894
15.0,8665.4855,259.2257019747876,23.384663843377822
15.0,8678.4083,136.45191278054122,19.30934074705816
16.0,8384.724,1641.3174279495304,21.479720370518294
16.0,8416.7269,1360.6793267236144,88.0692183246338
16.0,8417.9982,1349.6069720535836,19.779501957813235
16.0,8421.2254,1320.7945963783598,50.14824347269939
16.0,8445.487,1103.5946334366631,34.6842826015041
16.0,8446.5116,1094.3217435413208,49.89376474277874
16.0,8478.3134,803.2632992243907,60.74842939525439
16.0,8490.3065,692.7119639632698,23.260130759683854
16.0,8523.783000000001,399.8545496175206,514.7420885866787
17.0,8252.3936,1720.7018905866864,29.578200490499658
17.0,8275.6266,1515.6246531856573,22.062389277051963
17.0,8320.8554,1107.606937422895,46.878439324435924
17.0,8330.4494,1019.3709830290268,81.88857470477137
17.0,8416.7269,199.8285800916599,66.24377265363162
17.0,8417.9982,187.30945050537358,14.561044297322676
17.0,8421.2254,155.7681239793616,34.29491583682735
18.0,8115.311,1875.7342421265719,256.7210863506913
18.0,8138.4753,1670.3871838183813,18.963875562030857
18.0,8143.138000000001,1628.5736901109344,32.62938200509577
18.0,8159.7277,1479.3180491833118,32.045586006058514
18.0,8169.7865,1387.4989825478058,25.47671414246157
18.0,8186.9113,1231.2494168516434,54.3355616705851
18.0,8252.3936,614.272973189341,55.17427913610201
18.0,8275.6266,388.44624514509104,23.40980632837619
19.0,8006.1567,1814.809160650565,271.0197664327235
19.0,8014.7857,1737.3756347207136,506.97434308228503
19.0,8046.1169,1452.312659010451,29.008037786191363
19.0,8053.3085,1386.0004498315252,53.206245737072784
19.0,8085.219,1088.004984786618,17.78079366325025
19.0,8143.138000000001,529.5918839632468,47.48428904718525
19.0,8159.7277,365.44041898432715,31.430666297738682
19.0,8186.9113,92.26300862630433,30.417781848604747
20.0,7916.441999999999,1603.8832558604086,15.11482516294704
20.0,7937.7335,1406.0912844020181,17.196818628942854
20.0,7941.7259,1369.1376978889693,19.726650793760946
20.0,7972.596,1076.0261014574949,29.44559092355007
20.0,7978.9731,1014.7390917096867,117.10071428566832
20.0,8032.4313,489.968087746468,35.223072748739355
20.0,8046.1169,352.2724978147149,27.695954391182518
20.0,8053.3085,279.40777504720364,43.09853046810358
21.0,7788.9342,1767.351425764295,19.843259369054632
21.0,7798.3579,1679.4038305659753,18.86712938103332
21.0,7817.7669,1498.2655009064329,38.52668300746403
21.0,7861.91,1075.6685600698258,27.65595046617045
21.0,7865.9698,1036.1648799340599,24.939558371183647
21.0,7886.283,836.5670388207857,29.944469195536218
21.0,7916.441999999999,534.8502579928677,20.41247378152251
22.0,7678.1267,1805.8718026144975,10.160907669680043
22.0,7685.3075,1738.5914217745885,8.943684268776103
22.0,7728.951,1322.4489754804656,18.534562787185774
22.0,7771.9468,900.0243314319946,21.704661637161774
22.0,7788.9342,729.1544531275293,39.809449848555296
22.0,7798.3579,632.7875167318538,34.95648990413504
22.0,7817.7669,434.3721777536261,42.85635843082168
22.0,7847.5394,123.48193519670522,35.618727568691725
23.0,7585.7922,1697.5645661942872,35.17144131849972
23.0,7627.1749,1296.4649270347709,28.867241464911103
23.0,7628.8818,1279.6966722583254,34.080270081100885
23.0,7647.3794,1096.3604151731017,63.28025739016231
23.0,7653.8284,1031.704842044876,16.638519702423597
23.0,7658.3246,986.5318833769737,18.44322744227581
23.0,7670.0575,868.2582548590602,42.21969657981586
23.0,7678.1267,786.1255448910142,27.251201457043628
23.0,7685.3075,712.5080065981833,19.08071188528757
23.0,7704.8169,510.54497132944465,20.46888659801584
23.0,7728.951,257.2887956524744,13.175096169953436
24.0,7471.1641,1827.460492405281,13.285762128012411
24.0,7481.3545,1729.1923075030775,16.444209059540157
24.0,7484.3267,1700.6790278073568,27.829742941856605
24.0,7500.6556,1541.685566948419,17.81697944628314
24.0,7510.4082,1445.995609523506,33.4701955816663
24.0,7549.3138,1056.9696481455512,34.815249707384076
24.0,7567.7417,868.7931384390704,54.72811643480676
24.0,7585.7922,682.0405006914463,66.06685121378379
24.0,7589.3151,645.1038309694367,28.40344861893834
24.0,7627.1749,243.46776761149584,20.523960416239852
24.0,7628.8818,225.16522369636726,22.635676247618385
24.0,7647.3794,24.912012780452265,17.161884197054036
25.0,7372.1184,1834.6574235363282,57.403251897011344
25.0,7383.9805,1719.0629280217938,421.83765114572975
25.0,7385.5006,1704.2072163248156,35.01938595470952
25.0,7425.2942,1308.5178422001973,41.42702417468036
25.0,7428.9405,1271.623468323275,43.356159669977686
25.0,7430.2533,1258.347854300024,29.67907772101067
25.0,7435.3683,1206.4712030627647,72.13774240540256
25.0,7436.297,1197.0567986234805,42.283928973295495
25.0,7444.7489,1110.8503735409986,20.857940251416245
25.0,7447.8488,1079.7111576316895,16.43475354925231
25.0,7471.1641,837.6278270176377,40.92931839973645
25.0,7484.3267,699.4182683523323,54.154072599706296
25.0,7510.4082,421.4292305103208,33.30053942512354
26.0,7272.9359,1869.020314638853,67.60033040910979
26.0,7311.7159,1482.751004692151,59.05557208371
26.0,7316.005,1439.3850405818914,53.28096673376022
26.0,7385.5006,716.9450634288046,67.56492563689328
26.0,7425.2942,285.3688936111134,30.638700535128933
26.0,7428.9405,245.1427547915181,28.802455474755053
26.0,7435.3683,173.97744034050885,41.5224856205346
27.0,7206.9804,1594.7816131171176,69.9484013240895
27.0,7208.0063,1584.4214599764114,37.19334438611508
27.0,7219.1515,1470.9165441948867,21.54302163306431
27.0,7244.6965,1206.9715232605342,24.277223981438784
27.0,7270.6636,933.3058253910688,39.51832702972366
27.0,7272.9359,909.0527357491197,359.43774263971153
27.0,7311.7159,489.0919828293647,66.42500886351883
27.0,7316.005,441.80189068552085,53.904590037979006
27.0,7328.285,305.69646815371624,21.11544485109205
27.0,7353.293000000001,24.75640292801662,25.668061567675448
28.0,7107.4778,1679.6913432508097,30.28098835976622
28.0,7124.5607,1504.1580766872205,53.356101920529746
28.0,7125.82,1491.1693729701194,44.70927903313704
28.0,7147.0416,1269.7361963904668,199.35549349151347
28.0,7150.2844,1235.6374667497055,41.68414423680535
28.0,7168.8952,1037.8884037312268,158.71589049195586
28.0,7191.1328,798.112465036687,20.244957169996397
28.0,7200.0454,700.4952316889305,24.507743417818304
28.0,7208.0063,612.9114089549013,57.62252981062067
28.0,7212.6896,561.1241955620421,20.00167057392924
28.0,7219.1515,489.4490123920018,25.26146711740018
28.0,7242.0919,231.48021787205985,12.649529269164187
28.0,7244.6965,201.88284595133285,15.35132086194634
29.0,7018.5675,1680.4628643569074,40.6996056159691
29.0,7030.2514,1559.1452478796539,85.67918131831723
29.0,7045.797,1396.0679256616693,19.81972156417868
29.0,7067.2181,1168.1385432179966,607.6239712287268
29.0,7068.7358,1151.818072848843,116.43155517197901
29.0,7084.169,985.0027657410283,61.71699010931028
29.0,7107.4778,729.0691834650835,55.760360605149316
29.0,7124.5607,538.4167721004678,67.70949031926844
29.0,7125.82,524.2572974118959,53.5150740947457
29.0,7147.0416,283.42592695639536,136.24840777162132
29.0,7150.2844,246.29320841229068,27.000451255051576
29.0,7168.8952,31.41284561948889,40.21541101575188
30.0,6937.6642,1620.3090434743856,54.23728692406245
30.0,6943.6105,1557.6737167108392,37.03381715553892
30.0,6951.4776,1474.3397321891384,26.418032102076673
30.0,6960.25,1380.7665548908249,29.68934383089307
30.0,6965.4307,1325.3119870106693,531.8013899883642
30.0,6989.6553,1062.5641496800158,98.47377180435338
30.0,7000.8036,939.9563209871817,50.5203428121615
30.0,7018.5675,742.2292114429305,80.46994699097199
30.0,7030.2514,610.6011244124983,125.3924441706534
30.0,7067.2181,185.762005406947,329.3472763706492
30.0,7068.7358,168.02356806006173,60.63936004842824
31.0,6861.2688,1532.748768968703,30.135820230108045
31.0,6871.2891,1425.0495793066684,116.7725374101536
31.0,6874.753000000001,1387.6768809639468,30.301740351426535
31.0,6911.2264,986.9683111109094,148.6330353237436
31.0,6937.6642,689.0269515177139,93.00727747111635
31.0,6943.6105,621.0920553229591,55.508377859457674
31.0,6965.4307,368.9188529774744,420.3564370484169
32.0,6752.8335,1809.3170210191424,49.094985178901965
32.0,6778.3123,1536.0663545436555,24.65142868228412
32.0,6791.2351,1395.3633955363532,15.194937120320391
32.0,6824.6774,1024.0887384392886,23.766628642507158
32.0,6829.0355,974.9529775331224,37.632235610624704
32.0,6834.9246,908.2484302847467,67.38555676672411
32.0,6861.2688,605.9149543150672,41.36556835244753
32.0,6871.2891,489.1560847038663,122.93297313542027
32.0,6874.753000000001,448.5771528883656,29.032012717035084
32.0,6888.1742,290.16378416040226,23.672483105937037
32.0,6911.2264,14.537735886154385,23.97625981531612
33.0,6674.6969,1785.314962509956,15.09858932283802
33.0,6677.2817,1757.390123873351,40.87917570448971
33.0,6684.2929,1681.5228188290287,25.429007405924672
33.0,6719.1995,1297.2571454028534,28.155211005720407
33.0,6727.4583,1204.895652353096,33.88295591263614
33.0,6752.8335,916.6569032643756,157.0753706608748
33.0,6766.6117,757.5772861998897,50.496867491053855
33.0,6778.3123,620.9916056029067,35.90089695947717
33.0,6788.8403,496.8321359632306,16.101026753794038
33.0,6791.2351,468.603383980702,15.563773419450815
34.0,6588.5396,1868.6490501535434,18.802627903274
34.0,6591.4845,1836.3108746419466,35.4951857307596
34.0,6593.4628,1809.601753972372,17.25684929999902
34.0,6604.8534,1690.4018309223948,20.119337589674554
34.0,6619.9458,1523.6974373056814,15.037884193990527
34.0,6638.2207,1319.2797368525717,37.505818961177575
34.0,6639.7403,1302.137273658649,30.766856381946198
34.0,6643.6976,1257.377641298855,52.0660784898563
34.0,6662.2686,1045.338750754695,64.96526725876754
34.0,6666.3588,998.2503566096342,45.181353936577985
34.0,6727.4583,273.8635342741014,21.752281482891973
35.0,6531.3418,1654.0021436421066,32.767665414152106
35.0,6538.111999999999,1578.5563557743505,20.54174645777794
35.0,6577.2146,1133.4588979126918,48.24844542743512
35.0,6583.906,1055.8502251708858,115.79227496225992
35.0,6588.5396,1001.8390218582467,100.79386060638672
35.0,6591.4845,967.4112283489778,126.75093426417341
35.0,6593.9391,938.6453393778385,54.97707016680951
35.0,6604.8534,809.934558411698,42.12086901063337
35.0,6619.9458,630.0444563938138,21.04569839057952
35.0,6638.2207,408.81427957796507,30.874972034934316
35.0,6639.7403,390.27101396597135,23.802780041032893
35.0,6643.6976,341.9280782086087,36.715420160347655
35.0,6662.2686,112.63307676675024,25.91517374342661
36.0,6457.2824,1642.6627736552402,54.96134000842572
36.0,6483.0825,1348.7196041398277,34.506864811403034
36.0,6490.7372,1260.314379253655,31.3519833710892
36.0,6512.3639,1007.2384803510356,37.04265350377921
36.0,6531.3418,781.1294696686779,65.96667267049301
36.0,6554.1603,504.40224866947364,36.008634171958946
36.0,6583.906,135.15412836482685,47.03481557691269
36.0,6588.5396,76.83108923120356,30.759191090330372
36.0,6591.4845,39.726231875915225,27.74039968694712
37.0,6371.9436,1778.2869526823022,10.681993049581752
37.0,6376.9305,1722.172163465325,14.878430676929149
37.0,6384.7169,1633.5646152954273,27.49574008535898
37.0,6387.3957,1602.8976092737216,15.334475378874625
37.0,6411.8991,1319.8414488526014,41.41846333621607
37.0,6416.3071,1268.292557139275,80.43374540003661
37.0,6457.2824,779.3870505007732,107.38373760436926
37.0,6483.0825,462.2931931200934,31.00511925184688
37.0,6490.7372,366.739436480891,22.02916954814605
37.0,6512.3639,93.58487288063988,14.545603889610947
38.0,6307.656999999999,1694.9515028320968,17.572300927101953
38.0,6326.3669,1478.409377173521,15.254160485084311
38.0,6327.2778,1467.7055712359165,29.196196890175525
38.0,6342.8595,1284.4568949916984,48.7202111885959
38.0,6371.9436,935.6060943810418,29.941158481768245
38.0,6376.9305,875.0346485217977,33.72379734573308
38.0,6384.7169,779.6329247376898,53.1536414556667
38.0,6387.3957,746.7038133549971,28.51731690345422
38.0,6411.8991,441.5322994435692,35.19356978605557
38.0,6416.3071,385.8659507345836,59.22654849899435
38.0,6437.7613,113.15579923152744,8.518306432437504
39.0,6224.5272,1845.6381787449384,14.156861411753493
39.0,6257.4237,1462.4572836614193,19.635798757947224
39.0,6271.5444,1294.8201528164127,18.272705823262797
39.0,6274.1166,1263.8459712479726,24.537028796426426
39.0,6291.1915,1057.586881655003,16.435730735351587
39.0,6296.8722,988.1853346531261,35.78912160216273
39.0,6307.656999999999,855.5985334240642,41.263539830855706
39.0,6315.775,755.0614957676047,17.79658333914246
39.0,6326.3669,622.4456454608815,20.37450922760039
39.0,6327.2778,610.979049071609,38.10472702768348
39.0,6342.8595,413.51214596390906,37.11024559166121
39.0,6348.7151,338.3336972096743,14.297550143973082
40.0,6164.4796,1748.3818524143078,24.223700894499768
40.0,6172.2778,1656.8947860852534,37.888493666537
40.0,6182.6217,1534.5686199291515,71.32732986257619
40.0,6188.1251,1469.0349036962036,24.844426642987948
40.0,6191.9053,1423.8038476446563,27.938689980262982
40.0,6198.2227,1347.8908949485362,43.10529969123387
40.0,6203.4925,1284.2724743979159,63.83610797466782
40.0,6207.2201,1239.070228227832,42.02655956183536
40.0,6215.9383,1132.806423053598,27.657550812602032
40.0,6224.5272,1027.1898015044276,55.44315287221932
40.0,6226.3697,1004.4532267776184,29.600998979935934
40.0,6234.8554,899.2050430345275,28.11733687950411
40.0,6240.9536,823.1465419510132,14.839633502231901
40.0,6257.4237,615.2142368510775,24.92631681560287
40.0,6274.1166,401.16245357797226,18.82560121551959
40.0,6296.8722,104.56006462010292,12.753358664107774
41.0,6112.8375,1565.6402485755393,14.392590886313092
41.0,6151.9929,1087.9698179719771,48.781415172612355
41.0,6164.4796,932.0815924045207,62.140357035418575
41.0,6172.2778,833.7786935707753,81.62276204708344
41.0,6178.4315,755.6565287272134,23.640020211812182
41.0,6182.6217,702.2595976722757,111.40337414372844
41.0,6188.1251,631.7469357944466,32.73614217604475
41.0,6191.9053,583.1242660197064,32.13461291595073
41.0,6198.2227,501.4561831455653,40.86545575783879
41.0,6203.4925,433.01233224128526,51.076619964462566
41.0,6207.2201,384.35532725946143,29.83277495521521
41.0,6224.5272,156.3556021359201,21.404495874251246
42.0,6032.1274,1746.0787575084714,37.304717172319826
42.0,6037.6975,1679.408980604146,20.871251513077976
42.0,6043.2233,1612.7635872434423,33.55455434828708
42.0,6049.0509999999995,1542.2359707577161,25.55416691975199
42.0,6059.3725,1416.3587765149884,34.040689285094516
42.0,6073.1036,1247.2916356864087,15.34327132902874
42.0,6077.1057,1197.3140202848624,15.145924665419116
42.0,6077.8728,1187.7395882030905,17.198131202929204
42.0,6078.4212,1180.98803125538,12.809168053875812
42.0,6079.2227,1170.8548800923086,18.508473928553148
42.0,6085.3748,1094.1286079334711,23.84981438150303
42.0,6088.0305,1060.6620493197952,32.88490837127602
42.0,6101.7251,887.2837406368659,24.401380205786662
42.0,6105.6351,837.3712296105276,36.86751637782991
42.0,6112.8375,745.0330443321037,22.90959687901765
42.0,6124.4805,594.2509634564436,16.530020788476847
42.0,6151.9929,231.47227810984677,22.493851293757835
42.0,6164.4796,63.93209099897534,14.476440790967604
43.0,5973.6649,1677.0515002025236,31.816033731181747
43.0,5975.0648,1659.9825531705612,19.486851801365756
43.0,5989.0447,1488.9113495721658,26.164380932824308
43.0,5991.0071,1464.7436303256534,20.59318536510363
43.0,5994.1287,1426.17088102677,40.418493738631305
43.0,6007.0722,1265.063485374719,26.48375614110348
43.0,6010.1606,1226.3024864542665,31.062156912152314
43.0,6030.445,969.1188378500352,23.363043846351584
43.0,6032.1274,947.5728198720268,104.36833446299332
43.0,6037.6975,876.0320932944569,48.50578947407408
43.0,6043.2233,804.6137229748764,67.59104830270407
43.0,6049.0509999999995,728.9238620655212,42.42610022552793
43.0,6059.3725,593.7768296909937,39.74706244472014
43.0,6079.2227,329.98578477617843,11.294748133418341
43.0,6088.0305,211.55175742857674,14.45413802608433
44.0,5905.5707,1741.3364500143753,10.664873356520816
44.0,5912.0853,1661.164213942174,33.837134817859834
44.0,5928.813,1453.9947441476113,28.511769372503476
44.0,5944.6472,1254.9964539051396,18.549055718682368
44.0,5973.6649,882.3475276781876,73.34617320438117
44.0,5975.0648,864.1159196700107,42.63768624049188
44.0,5987.3016,703.6385588254649,22.475852510173503
44.0,5991.0071,654.7178765843223,28.440915993131156
44.0,5994.1287,613.3041001891911,49.38401353594942
44.0,6005.165,465.9003237281514,19.290993823310586
44.0,6007.0722,440.33895228056986,21.1091081114192
44.0,6010.1606,398.7496553169465,21.731828485506224
44.0,6021.0357,251.42971855401592,16.396475246186803
44.0,6032.1274,99.53729915011348,31.181118698409147
45.0,5860.3103,1538.9160077276597,21.031191283664867
45.0,5882.6242,1256.3482542641166,27.772240829917422
45.0,5885.7016,1216.949695694877,30.270948405196318
45.0,5888.5841,1179.8371978256696,44.50904332083227
45.0,5889.9531,1162.2821712994623,48.377025093892314
45.0,5891.451,1142.8753554017978,24.41204246624689
45.0,5912.0853,873.9645293395529,78.45150261615366
45.0,5916.7282,813.8963423436393,14.890418059032266
45.0,5918.9442,783.3501341290279,15.242311801105629
45.0,5928.813,651.965828879889,38.82271648360192
45.0,5944.6472,438.49939215915776,15.261187495391328
46.0,5789.6451,1668.497002846985,11.964704572379787
46.0,5792.4304,1633.1794319601458,13.744359368500962
46.0,5800.8297,1527.1902583678225,25.51340557964741
46.0,5804.1412,1485.1873073177164,55.225490627883524
46.0,5815.4219,1340.9591452890759,17.047514018641767
46.0,5832.3705,1121.337206430911,19.962503389945272
46.0,5834.2633,1096.6906685985982,24.91159064041118
46.0,5860.3103,751.4961481584635,35.94265002381569
46.0,5863.7184,705.588824626074,18.55568330393212
46.0,5882.6242,448.612494895179,20.97742123927916
46.0,5885.7016,406.45950849278535,20.632295284946434
46.0,5888.5841,366.6642131005333,28.095576959852806
46.0,5889.9531,347.8158814058628,29.395749685219684
46.0,5891.451,327.0937929238013,14.064549243648624
47.0,5720.1828,1799.2807318037376,24.209649071043927
47.0,5725.3885,1734.0119359426235,10.254880389106393
47.0,5753.0265,1380.6896238917352,25.282357715342282
47.0,5760.5508,1282.9786208470841,121.15636979364069
47.0,5763.529,1244.1220636536325,29.610891925272078
47.0,5789.6451,898.2273088735402,28.23186128657936
47.0,5792.4304,860.8111060844327,29.19570983418777
47.0,5800.8297,747.3468386763975,41.388974149755065
47.0,5804.1412,702.3247992715021,81.25165858933751
47.0,5815.4219,547.9379440412034,18.136366453573398
48.0,5665.1799,1764.5911024909458,8.799250252618872
48.0,5707.1033,1220.4421716685138,26.542710225725536
48.0,5725.3885,976.2959317487714,30.05898546193788
48.0,5732.975,873.2659538207605,16.680531923314454
48.0,5753.0265,598.7067901849633,29.66618495110025
48.0,5760.5508,494.1206542373064,104.68580172886658
48.0,5763.529,452.51665546790895,23.180050665142428
49.0,5606.733,1787.3367764040418,18.655009315545076
49.0,5615.3195,1676.8924476660682,15.311395934428935
49.0,5639.7461,1357.4211114599166,26.197458586956976
49.0,5650.7043,1211.6882091981834,36.176405965568925
49.0,5657.9255,1114.7560232486624,14.717345971672685
49.0,5665.1799,1016.625308711856,29.784664086478887
49.0,5667.1281,989.9059132161348,13.909102309081886
49.0,5674.9864,882.8771934691356,13.618980317225873
49.0,5677.0529,854.590187287533,22.40106398999228
49.0,5707.1033,435.3350171744085,18.639235427075654
49.0,5720.1828,249.10546959811543,38.512719249010416
50.0,5572.4649,1508.8843558860858,21.776496536670443
50.0,5573.3535,1497.8915763818195,26.20020892119977
50.0,5579.3583,1418.265914888359,22.2449804089302
50.0,5587.0263,1315.8067979095338,52.379739864298095
50.0,5593.6129,1227.2475380433045,12.50104339931293
50.0,5601.6032,1118.9767696451513,44.75750276073662
50.0,5604.5154,1079.3186323721657,22.38707675715556
50.0,5612.0679,975.9058586375528,19.836390597115592
50.0,5615.3195,931.1052763283664,40.405449584341135
50.0,5639.7461,589.9621235499748,28.3224460326206
50.0,5650.7043,434.0396211942452,26.238117539598605
50.0,5665.1799,225.90249502420158,11.59916560928301
51.0,5499.2554,1755.4372164172546,16.608606204090034
51.0,5509.9938,1613.951560329879,14.590235111726935
51.0,5514.8731,1548.9825700069064,14.062838629377312
51.0,5539.2618,1220.6846364215487,40.993250079574814
51.0,5548.1758,1098.636191202987,27.496350423261376
51.0,5557.0454,976.0161827692996,30.609896459498195
51.0,5572.4649,759.5660897636773,37.502803055061435
51.0,5573.3535,747.7105266897732,41.273767303406146
51.0,5579.3583,662.6439644130975,28.48454964478834
51.0,5587.0263,553.2734063945452,51.3591698511779
51.0,5595.0635,437.67929707002565,19.24127104707455
51.0,5601.6032,342.8493701366741,24.193796650951427
51.0,5606.733,268.22905043723983,27.24877439116587
51.0,5615.3195,142.31137760823108,11.154928974747124
52.0,5464.2055,1510.455289346457,11.206924011509653
52.0,5470.7591,1421.9567356397229,11.083225703594218
52.0,5499.2554,1029.8693361112848,52.908431166468105
52.0,5504.3018,959.159850852853,21.687000658452927
52.0,5514.8731,810.0107556066214,26.160620242594646
52.0,5539.2618,459.3721487879634,30.709868376003676
52.0,5539.9106,449.8738509228727,11.892082345089722
52.0,5548.1758,328.9999117959576,14.344590775774233
52.0,5557.0454,198.1974158776452,11.112012741632357
53.0,5410.7687,1523.0132347429746,13.876671730593396
53.0,5415.5226,1458.1645082644861,11.9385910018051
53.0,5417.4858,1431.3540812834617,34.091586453153226
53.0,5424.0079,1341.5830577382085,14.260696034114034
53.0,5425.6783,1318.600334580376,11.586120619177056
53.0,5431.111999999999,1243.5281069899652,20.071867941211647
53.0,5499.2554,263.31579265115556,21.506242936406466
53.0,5504.3018,187.7978925714236,9.44161226133912
54.0,5343.5812,1736.3205749429394,14.67092056282094
54.0,5360.1501,1510.878901909176,11.585904419086427
54.0,5386.6107,1142.0675643386335,26.757996518098675
54.0,5394.7608,1026.4810469435986,27.351904792086373
54.0,5415.5226,727.6967450449192,16.485580644603523
54.0,5417.4858,699.050956734403,47.528317311766074
54.0,5424.0079,603.4355910573547,15.86164325434717
54.0,5425.6783,578.9616427827386,11.92199073487948
54.0,5431.111999999999,498.70047053945626,15.319098202239315
55.0,5312.0018,1477.1136509509704,22.991788048936424
55.0,5326.9756,1267.3008389061515,19.89271196823638
55.0,5343.5812,1030.7505328234756,45.442852064867886
55.0,5360.1501,790.6394913810547,21.45708475666833
55.0,5374.8219,574.2729630388982,13.38446851975096
55.0,5386.6107,397.84777906995697,16.279095573062868
55.0,5394.7608,274.7977017999005,11.65207059183006
56.0,5247.6547,1681.712615329163,12.583715882710262
56.0,5258.3602,1533.2346649204853,21.929125183838504
56.0,5260.1041,1508.778598351353,8.418571060782712
56.0,5266.7103,1415.9627859610246,21.753581636050487
56.0,5274.1188,1311.2073662896942,14.018662435591116
56.0,5281.0687,1211.9027261480192,15.631045055708174
56.0,5294.3971,1019.9831670929166,14.164677891411806
56.0,5296.2787,992.3417638526173,16.802297107934535
56.0,5310.2665,787.7756238588263,13.910249330096553
56.0,5312.0018,761.8886909007829,37.027852675217794
56.0,5317.4944,680.2292684611008,12.631082557961465
56.0,5326.9756,538.4870903717588,17.708782159565374
56.0,5343.5812,286.47701210228763,18.549488092388547
57.0,5211.2305,1511.406063694435,18.270768068802763
57.0,5213.3492,1481.3414469851587,11.477322212023886
57.0,5219.1099,1399.6493865473724,17.616957042556837
57.0,5231.1597,1226.8012152333074,47.345400505436075
57.0,5238.8137,1115.8905440175768,16.63277419200723
57.0,5239.552,1105.0836394422238,15.842010786003248
57.0,5258.3602,828.4571505509741,42.051095890284955
57.0,5260.1041,802.6131210742261,15.409126867726206
57.0,5266.7103,703.8121025786024,28.286492432230506
57.0,5274.1188,592.1453699022378,14.433100220818131
57.0,5281.0687,486.65920855205286,13.066510776588624
58.0,5154.2429999999995,1641.6801397008267,14.462284546759546
58.0,5158.6041,1579.9849806565005,24.94625604626277
58.0,5163.4584,1511.0503495450766,12.852195949304006
58.0,5195.8057,1041.4737082002096,31.052453505236226
58.0,5211.2305,811.8687721844789,34.557576836990584
58.0,5219.1099,693.0350055635939,22.417882760463584
58.0,5231.1597,509.2243673020455,36.81812865432899
58.0,5238.8137,391.5910276552145,11.040881421307935
58.0,5247.6547,253.4763912082924,10.596235297432221
59.0,5115.0448,1532.1968789301827,16.807141420340294
59.0,5134.746,1246.1240539737014,18.658369204255763
59.0,5141.7827,1142.4973324688071,47.91280873078416
59.0,5143.9165,1110.983992023284,18.285296525788628
59.0,5154.2429999999995,956.9517520760666,36.238303025808506
59.0,5158.6041,891.3716682095587,55.72069754412285
59.0,5162.2846,835.8053740837651,36.126734472689144
59.0,5163.4584,818.0666897130991,24.348235353993736
59.0,5176.960999999999,611.8121886284179,20.660173838376288
59.0,5195.8136,318.8742252232757,14.799979446848333
60.0,5062.0371,1632.539347534433,20.972635858071595
60.0,5067.9737,1546.754005574121,23.228289403044514
60.0,5090.5455,1216.448274844347,35.10329080246889
60.0,5096.4848,1127.438377303845,19.123222917582922
60.0,5100.6211,1065.456223524263,24.054707905843486
60.0,5134.746,543.2663084037372,15.399987906385455
60.0,5141.7827,432.87302594609184,29.926866773544674
60.0,5145.3083,377.3135031156816,20.0111167590907
60.0,5154.2429999999995,235.78602940714714,12.530479745870032
60.0,5158.6041,166.34809731501537,12.640010208622256
61.0,5017.1628,1627.8612841780405,27.61152296135332
61.0,5028.6556,1460.0880809719326,18.064453455612377
61.0,5039.2303,1303.5120973612793,23.843271534614033
61.0,5044.7195,1221.538628237194,42.260556375889394
61.0,5047.0434,1186.5754266856006,17.00882490066532
61.0,5049.795999999999,1145.267322755708,18.728211609833668
61.0,5050.7842,1130.4337627884292,19.162637305247102
61.0,5055.3473,1061.586668181241,14.971489512013473
61.0,5062.0371,959.7279530219196,55.53858588193436
61.0,5067.9737,868.8299383772847,46.54292814164522
61.0,5090.5455,518.0298641959547,27.715475774681387
61.0,5096.4848,423.4200670966426,13.136480662203756
62.0,4965.0795,1740.2016372232831,24.847060204620753
62.0,4985.3725,1442.0689812055914,14.814991624673764
62.0,5002.0972,1191.1620972603325,33.044266710162304
62.0,5009.3344,1081.097544739712,48.51285309957223
62.0,5019.8062,920.2627242607787,18.387531933351863
62.0,5028.6556,783.0162878032689,29.085643402787515
62.0,5039.2303,616.8867605106935,24.257141790669927
62.0,5044.7195,529.8318291085333,34.194944554570434
62.0,5049.795999999999,448.9824858392746,12.636757464087546
62.0,5050.7842,432.9694398558375,12.396646403101355
63.0,4933.2091,1567.9248827824465,18.729286970547733
63.0,4939.6422,1472.0931678538766,15.938555145515931
63.0,4943.0642,1421.2370237635614,13.096450037172954
63.0,4945.4587,1384.8385945355865,28.99065003533057
63.0,4965.0795,1086.044217511081,96.91242052424101
63.0,4972.1597,976.6513260430797,26.263379030562888
63.0,4980.1859,851.5001391139474,12.66891526291467
63.0,4985.3673,770.0137633039507,21.946877161557993
63.0,5002.0972,503.8934609907327,24.60412283869497
63.0,5009.3344,387.06416651425786,24.292019858143224
63.0,5017.1628,259.613507139596,23.128281025811862
64.0,4879.8635,1723.7272602915189,38.05843715512474
64.0,4889.0422,1587.1254889690774,23.845348920573198
64.0,4910.1576,1267.4371690310284,12.14787319777555
64.0,4939.6422,807.9086947690341,27.451796811127906
64.0,4943.0642,753.9698181697578,19.176142004646927
64.0,4945.4587,715.4015135313659,36.83363033261907
64.0,4965.0795,398.54029240982425,50.7730699048986
65.0,4840.8492,1678.552076811893,12.252009665932762
65.0,4847.8095,1573.4275029582802,31.152452729785537
65.0,4863.1724,1339.4767138578259,20.50092127544739
65.0,4872.9169,1188.6881146071412,23.496090258513583
65.0,4879.8635,1080.249090909521,144.27381933980138
65.0,4889.0422,935.6312775967732,59.33810719462361
65.0,4894.9551,841.7027891908347,50.69604573781395
65.0,4902.0545,728.1090315536824,15.54847719908694
65.0,4904.7516,684.464596342821,28.895034087304285
65.0,4919.8157,439.14767430879806,15.575531557941801
66.0,4806.0205,1579.0002583322773,45.66874059016306
66.0,4808.1337,1546.8411725614706,20.23579325526897
66.0,4822.8548,1320.184246900557,26.276873241734037
66.0,4826.7004,1260.3813030368194,20.505383437276024
66.0,4831.1185,1191.2250254945286,27.913600356464357
66.0,4840.8492,1037.892903416571,39.097662427435694
66.0,4850.4397,884.9326505032437,16.21200764210138
66.0,4863.1724,679.2285336506751,22.95802846258924
66.0,4879.8635,404.522211982772,75.25270363898592
66.0,4889.0422,251.37112424853103,17.384664895679208
66.0,4894.9551,151.93157104799067,11.019770394379707
67.0,4764.8646,1585.6938644257468,66.69139530766348
67.0,4778.294,1377.8993922320876,32.41402048240311
67.0,4789.3868,1203.8111131598089,25.386072747762398
67.0,4806.0205,938.4707986483443,111.76267854905844
67.0,4808.1337,904.4080504172533,46.40926496242479
67.0,4809.6140000000005,880.5273099984247,25.721400429988726
67.0,4822.8548,664.4952589504521,30.15185459342975
67.0,4826.7004,601.1734196476498,19.578150463343423
67.0,4831.1213,527.8688805141221,21.509056369379447
67.0,4840.8492,365.4741826619498,17.23235233901609
67.0,4847.8095,248.07692517260918,20.787988974928385
68.0,4726.8683,1554.1570802040096,51.41514241136765
68.0,4735.9058,1413.144268736662,52.18078505837615
68.0,4752.4141,1151.7405720699614,17.918664276862895
68.0,4764.8646,951.1029620378017,167.38741117954137
68.0,4766.6006,922.9050202453493,21.085810341568493
68.0,4778.294,731.3538305372803,42.97198959305027
68.0,4789.3868,547.1208919079402,20.251767916571172
68.0,4806.0205,266.1459703834932,32.743606959472345
68.0,4808.1337,230.1846471042912,11.153980555399524
69.0,4694.0914,1450.657781358381,10.726715002150453
69.0,4695.0381,1435.4923612106782,15.901917269422762
69.0,4702.3161,1320.1378624190027,21.693240217263533
69.0,4703.9898,1293.3980832097839,46.33797110633334
69.0,4726.8683,923.2233979118539,119.46513824266695
69.0,4729.1282,886.1470269046346,18.29029136149148
69.0,4732.0532,837.9112147064278,47.62731203475629
69.0,4735.9058,774.1759717009221,77.43501170312399
69.0,4749.2002,551.9478691018579,14.981544433069892
69.0,4752.4141,497.835557220215,13.04701983507374
69.0,4764.8646,285.3249036847347,51.9877575309586
70.0,4657.9012,1409.0761105287552,78.58555799171687
70.0,4663.2026,1324.3373115287986,15.667326223804267
70.0,4669.9842,1214.9588509815296,17.103554004433242
70.0,4673.6609,1155.3092682168335,45.398471809292545
70.0,4676.0555,1116.3270787755266,14.869909020701401
70.0,4686.1946,949.9892705575819,27.509408419660048
70.0,4694.0914,819.1297111441843,19.70744457460639
70.0,4695.0381,803.280554371568,26.716166654286237
70.0,4702.3161,681.1959326008533,25.34003438464473
70.0,4703.9898,652.9965350729233,49.17694797190572
70.0,4723.4382,320.87028283203153,18.84964446123312
70.0,4726.8683,261.5129938385034,32.63934627723891
71.0,4609.5673,1571.5907465330854,58.89981358679983
71.0,4637.2328,1124.5958553126854,34.642001677869146
71.0,4657.9012,780.6513172711609,118.75936900062707
71.0,4663.2026,691.0661799494228,16.757689422717785
71.0,4673.6609,512.3738066988716,31.409991931188358
71.0,4676.0555,470.9131155963189,9.161797243296595
72.0,4579.3495,1454.9339397928284,50.01801399696826
72.0,4588.4261,1307.5478386065647,13.015229084023927
72.0,4589.8978,1283.387363127459,88.34383234612581
72.0,4592.666,1237.8955204712267,13.450851905625392
72.0,4595.4206,1192.6522784456004,28.02663498487215
72.0,4598.7627,1137.4862277162845,40.05807323954122
72.0,4609.5673,957.46544302931,149.27258079398914
72.0,4637.2328,485.33003830004793,21.18021918192436
73.0,4545.0519,1412.1455601428972,81.7322747295277
73.0,4545.9156,1398.0468973949953,9.02938917074002
73.0,4555.8127,1235.0544479651164,15.283260282903626
73.0,4567.2403,1044.6948826307705,13.007551643303044
73.0,4579.3495,839.4952595984877,88.30344115270609
73.0,4588.4261,683.8042193838745,15.072700511213846
73.0,4589.8978,658.3419997148718,93.1474950201326
73.0,4592.666,610.4611059345575,12.174651765997071
73.0,4595.4206,562.5086351892306,22.313253093860002
73.0,4596.0967,550.7433971164855,16.490055150936055
73.0,4598.7627,504.25448378685996,27.43183265667961
73.0,4609.5673,314.1112131940933,48.332763249021646
74.0,4493.3337,1663.040049654435,16.861708438455818
74.0,4510.7332,1378.6178034091013,41.195476066044
74.0,4515.1182,1306.055559046533,21.30292068315801
74.0,4519.2592,1237.4062743379238,9.282415377567444
74.0,4521.1939,1204.5490220388851,18.710022044410508
74.0,4522.323,1185.8326482562586,21.054288908584144
74.0,4540.999,869.2858554361849,15.889225009836291
74.0,4545.0519,799.4111194860058,129.35864292227504
74.0,4545.9156,784.5668075408786,18.468231229242214
74.0,4555.8127,612.4082825286504,13.353992069131133
74.0,4579.3495,195.00051573732497,15.125426151698155
75.0,4474.7594,1381.7191869394364,38.93903437673218
75.0,4481.8107,1263.7772912718754,62.09181427918993
75.0,4486.8973,1178.1239642730839,18.110236377946965
75.0,4487.4955,1168.0392443146561,9.585746816435806
75.0,4488.6808,1148.05662203502,11.777171261171146
75.0,4490.9816,1108.9573922590534,20.706157257868274
75.0,4493.3337,1068.8574141427198,58.503503170227795
75.0,4498.9401,973.0069150627161,17.655409077226896
75.0,4499.9832,954.972378108062,14.944196971230511
75.0,4502.9268,904.374485833444,20.123666931155178
75.0,4515.1182,692.4289582055263,24.717061510941488
75.0,4521.1939,585.3584253655637,16.391729712485844
75.0,4522.323,565.6306923459965,17.216886504303453
75.0,4545.0519,157.98209303047483,17.135083054312346
76.0,4426.0011,1606.8647994170349,31.119715445479297
76.0,4430.189,1537.5688130708515,26.143448244098426
76.0,4433.838,1476.9259411928394,17.99187494959067
76.0,4445.9012,1274.5654650649635,15.974265027074189
76.0,4448.8792,1224.0116961353488,31.04883440609445
76.0,4452.5655,1161.332524076701,15.835626952224187
76.0,4458.0015,1068.2024322546642,18.727812750999078
76.0,4474.7594,777.2661733773127,58.032525976708364
76.0,4481.8107,652.8917113254752,63.74839468919097
76.0,4486.8973,562.6118472490741,12.866736200457545
76.0,4493.3337,447.21563240504884,31.734315624659967
77.0,4400.0968,1462.0056939886529,19.577220409488522
77.0,4400.9863,1447.049957605813,32.509134898848345
77.0,4402.9271,1414.6634872736875,15.073104559328687
77.0,4408.8828,1313.4575798281887,23.198656145439266
77.0,4426.0011,1019.3030313359218,97.07382903991558
77.0,4430.189,946.360431978414,65.80457626701316
77.0,4430.9963,932.2371497894277,36.38511982078465
77.0,4433.838,882.4773512023936,35.845316603708646
77.0,4439.4614,783.3639105849686,27.87785245878263
77.0,4445.9012,669.1063266576037,16.866175223306662
77.0,4448.8792,615.8146222056704,28.251708665004845
77.0,4452.5655,549.7228689102535,12.169785025965158
77.0,4458.0015,451.2521393233881,10.310535658320381
78.0,4348.064,1761.5760016766048,29.111347336673226
78.0,4367.8316,1430.9158222278925,20.9410550985373
78.0,4370.7532,1381.179240689176,47.10683142360717
78.0,4371.329000000001,1371.4331169945585,28.582736084759308
78.0,4374.1239,1323.61873409677,23.272662487866942
78.0,4375.9542,1292.3225107736928,31.717489356189326
78.0,4378.1768,1254.0496156071065,20.213707046054
78.0,4381.8601,1190.5771420588596,17.395579112861654
78.0,4385.0566,1135.1354296007992,39.23017859740821
78.0,4391.1105,1029.5774643755362,22.712022303057733
78.0,4400.0968,871.5277795612401,37.841550598146725
78.0,4400.9863,855.7460966879918,59.931091232887496
78.0,4402.9271,821.2667853714572,24.595835261528073
78.0,4408.8828,715.0315767765727,27.299654112806703
78.0,4426.0011,404.9381237704368,42.66706997599262
78.0,4430.189,328.0047542183062,19.69335106786337
79.0,4331.1995,1482.870553516561,28.716570991587464
79.0,4333.5612,1442.5547406370733,30.349294515273442
79.0,4335.3379,1412.1535390214692,18.8270510895335
79.0,4348.064,1192.2585454569125,95.31709293291814
79.0,4352.2049,1119.9196491722016,28.413159563545623
79.0,4362.0662,946.0912324864917,26.773201474322853
79.0,4365.9301,877.349617109466,16.580533214756297
79.0,4367.8316,843.4301461043323,41.92688094083074
79.0,4370.7532,791.074367091577,72.00085902671547
79.0,4371.329000000001,780.7206916590793,41.247407108778525
79.0,4374.1239,730.4994458607739,28.30895213210568
79.0,4375.9542,697.4340259712636,36.918887289966314
79.0,4378.1768,657.1841782611713,20.54052656251662
79.0,4379.6668,630.0622008966703,46.3514845025607
79.0,4381.8601,590.2720867970456,15.964446176162387
79.0,4385.0566,531.8762487027415,27.32801428866839
79.0,4391.1105,420.8891592932135,10.664886905561147
79.0,4400.9863,237.80340259622918,10.37935134629574
80.0,4300.1008,1449.2864299351486,28.85435043715997
80.0,4300.6495,1439.821259185269,13.097894488941055
80.0,4309.2392,1291.3105386311279,28.025161636394248
80.0,4312.9975,1225.440596664369,28.572268435075827
80.0,4315.2543,1185.74487064425,16.28401221194465
80.0,4328.9154,943.6771619829697,18.110170798812245
80.0,4331.1995,902.7036219445607,61.63201765629548
80.0,4332.0297,887.83835825458,28.50543286597479
80.0,4335.3379,828.2862770040933,32.38647897274981
80.0,4342.4442,699.5101662121966,13.27081291599873
80.0,4345.168,649.8006813468478,25.49486492570923
80.0,4348.064,596.7247365107257,80.05628851230435
80.0,4352.2049,520.6154316174081,19.650763270626907
81.0,4259.3619,1590.3226429875879,27.891979323734866
81.0,4272.1689,1368.5994826961107,40.22783190076662
81.0,4277.5282,1274.7126862154753,101.13438010813464
81.0,4282.0413,1195.1572613014896,15.665021016679935
81.0,4300.6495,861.9419440165314,25.49828009754522
81.0,4307.1762,743.0926541369495,11.905281290934925
81.0,4309.2392,705.6926698497948,33.00630664722141
81.0,4312.9975,636.2329544064922,27.444615976621556
81.0,4315.2543,594.4366908796962,12.359276159024065
81.0,4320.1264,504.1513226483325,8.408565898058079
81.0,4330.8612,296.42361220194647,16.04092379438799
82.0,4228.157999999999,1576.1728713988496,15.739569055399773
82.0,4235.4636,1449.1046106011645,16.411330950066034
82.0,4237.2198,1418.398663682622,26.94768113707721
82.0,4250.3146,1186.9198293017055,29.654909870196285
82.0,4257.4963,1058.2845566586611,28.556946910563717
82.0,4259.3619,1024.6556674284298,86.00558423313602
82.0,4266.2864,897.4379865561625,39.81962591260819
82.0,4272.1689,791.4952431073613,58.94363850521553
82.0,4282.0413,608.9595425734033,14.318682714151207
83.0,4198.317,1546.5862447356574,31.60001922830821
83.0,4200.6745,1505.2496894501237,38.07071088514453
83.0,4208.8907,1360.643280703584,10.628743834143442
83.0,4218.6649,1186.0287741105813,17.83188908004277
83.0,4228.157999999999,1014.2335458254214,45.42462594867365
83.0,4235.4636,880.6722275674182,31.320235060458497
83.0,4237.2198,848.3268236574334,47.992680651184045
83.0,4250.3146,604.7915714452866,24.727890594544217
83.0,4251.1846,588.4924998861734,15.90964262036455
83.0,4257.4963,469.5867009184906,15.242267300953245
83.0,4259.3619,434.10426271089335,39.497659248643735
84.0,4158.5905,1697.9020399724886,15.328220924306727
84.0,4170.5333,1488.4313889549226,9.13521126083799
84.0,4181.8836,1285.8432726279038,28.445451964052413
84.0,4198.317,987.2749969245407,86.94187720956552
84.0,4200.6745,943.8982684055701,91.73484713194486
84.0,4208.8907,791.7873411652022,16.165419543951565
84.0,4213.0673,713.8977290866964,9.834036280672613
84.0,4218.6649,608.3225175311302,14.165074286991985
84.0,4228.157999999999,427.55821499652535,20.766274118289285
85.0,4131.7235,1632.7433893733673,20.320317726300853
85.0,4158.5905,1150.3671837507816,83.6590856438127
85.0,4164.1795,1047.7494523904327,33.74755260161543
85.0,4165.7661,1018.6112444768941,16.02027576911015
85.0,4170.5333,930.3101332120965,22.404414175523105
85.0,4181.8836,717.5865864933694,33.73120504801731
85.0,4198.317,403.6947399802968,33.97694276772669
85.0,4200.6745,358.16219656757835,28.952710060027538
86.0,4103.9121,1591.300843486465,17.9299829327212
86.0,4112.7545,1432.666886507057,18.338638748747687
86.0,4116.7137,1360.8825495831925,10.339598955692397
86.0,4131.7235,1086.1383539214683,85.42954409696596
86.0,4134.0681,1042.6579672764617,18.589684371656933
86.0,4158.5905,579.4983397687702,63.996539476761114
87.0,4086.5205,1368.0113648912018,13.693163443428169
87.0,4094.7470000000003,1216.908517971101,19.260327006737803
87.0,4097.7478,1161.5157565858447,16.545127192456608
87.0,4100.3414,1113.2635758962035,26.5430582659698
87.0,4103.9121,1046.86120270531,63.982940358751115
87.0,4108.4198,961.9855021348801,15.787637115079413
87.0,4112.7545,880.1613308522287,36.274301809422155
87.0,4115.7589,823.2685681340006,14.073522577731532
87.0,4116.7137,805.2883435510611,14.306134823946874
87.0,4131.0021,530.4113286894159,10.292267882228836
87.0,4131.7235,516.2996199695426,50.97069164793168
87.0,4134.0681,470.6022585239309,9.026588311706384
88.0,4052.9208,1445.0054975272385,26.251251356478413
88.0,4063.4071,1251.768137326126,9.873859675877991
88.0,4075.5029999999997,1025.8401348332566,12.522392006782384
88.0,4079.5738,948.715137629123,28.48193876556855
88.0,4080.7058,928.1073276239332,36.64771511909701
88.0,4082.3872,895.3694451567841,21.807756702869874
88.0,4083.4688,874.7021789627638,10.766883691993478
88.0,4086.5205,816.392662492896,21.98312563618571
88.0,4094.7470000000003,657.63434529077,17.000937445714214
88.0,4097.7478,599.538480835631,12.699466535881069
88.0,4100.3414,548.8289608165021,18.010786177133273
88.0,4103.9121,479.26471925232124,32.95006736232611
88.0,4112.7545,304.52230791228607,18.36185415510371
89.0,4019.1289,1534.2985523997106,11.246221056936367
89.0,4027.0091,1390.1634355801086,8.99916209010393
89.0,4030.8424,1318.1352935058308,18.491011962882357
89.0,4036.0479,1221.065113478583,31.129829576425266
89.0,4044.4179,1063.3915936669046,37.98832349979008
89.0,4052.9208,901.3466672717384,54.62659178918648
89.0,4053.5277,889.6989016990652,12.126357744156337
89.0,4059.2529,779.6906048320316,9.946535870957677
89.0,4063.4071,698.4757160292974,11.14711810424377
89.0,4072.0047,530.3310453883287,42.99472263655221
89.0,4075.5029999999997,461.02140481327234,8.518051676268218
89.0,4076.6284,438.77330141329867,10.234844670918752
89.0,4080.7151,358.6338495139151,11.42036353533158
90.0,4008.2102,1206.33230291957,12.810155659615624
90.0,4012.4952,1125.3414934922096,19.48242869170632
90.0,4013.8566,1099.348465685663,26.349645459594253
90.0,4019.1289,998.673837741108,32.65083959357341
90.0,4022.0674,941.6680262862151,11.911444108398195
90.0,4024.8025,889.1544758782079,8.805974140852483
90.0,4027.0091,846.7719042478913,13.412805324109168
90.0,4030.8424,772.1284518287551,25.725396073453602
90.0,4036.0479,670.338262866093,30.701491634797517
90.0,4044.4179,504.8741855873642,21.233127538250013
91.0,3967.3921,1443.6379492808142,11.765507251020253
91.0,3972.1545,1354.4021509441088,9.595081478754027
91.0,3979.3559,1218.4344003278884,18.03977546446838
91.0,3990.4922,1005.1362146722807,10.082171408408986
91.0,4008.2102,658.8626344549327,13.056492437529686
91.0,4009.0112,642.3905208100344,9.57556090261475
91.0,4012.4952,573.7412578866188,13.472700027424546
91.0,4013.8566,546.734654816794,16.452261023136252
91.0,4019.1289,441.15973969150497,13.970956825761807
92.0,3946.1455,1322.1171879609685,25.950683677010932
92.0,3948.0305,1285.4759635677094,15.891932686549106
92.0,3948.9789,1267.3521585688895,23.25450034604772
92.0,3950.3951,1240.3111543545176,22.5660907945093
92.0,3952.7608,1195.1634127282175,11.200884825057695
92.0,3956.6908,1119.3721174166567,9.217341481477838
92.0,3959.3,1069.25277636809,9.312628717241823
92.0,3967.3921,911.6526367131412,23.394587297802637
92.0,3968.4673,892.7207205529986,18.51053150342445
92.0,3972.1545,818.1163980123613,15.58674520545503
92.0,3972.6395,808.8502971065947,6.92534825555533
92.0,3979.3559,675.4324586738102,18.578714269221248
93.0,3916.4176,1365.9158706363985,10.437916895934904
93.0,3919.0234,1315.4924580433847,14.644052740977584
93.0,3925.0934,1199.4084271177142,14.526431518020296
93.0,3925.7188,1187.3935628480212,25.740769819636842
93.0,3928.6233,1131.2113043415875,27.489801854157534
93.0,3929.6693,1110.8907327555037,17.248126894753717
93.0,3932.5466,1054.9331260015076,20.44657451933325
93.0,3932.9113,1047.6886296421596,14.125152245192838
93.0,3946.1455,788.009459896105,36.19446135864077
93.0,3948.0305,749.3919282641739,19.353881010324443
93.0,3948.9789,730.6261095712343,26.79893227408885
93.0,3950.3951,702.2709442023621,24.017981267538136
93.0,3952.7608,655.2194289991303,9.203260436502688
93.0,3956.6908,575.9927157843853,6.968489333020733
93.0,3967.3921,358.5361163887281,15.603203070919678
94.0,3898.4374,1191.8213419448182,7.897745549436477
94.0,3903.1024,1099.9703092626974,8.056882002338321
94.0,3911.9091,927.2814334634717,14.098314601363557
94.0,3914.7675,870.6805839012877,11.141962886279085
94.0,3916.4176,837.546305230007,20.988592928006266
94.0,3919.0234,785.5409657930425,9.960577274011346
94.0,3925.0934,663.2137039035692,13.993738687222221
94.0,3925.7188,650.6335783766133,23.533911873386998
94.0,3928.6233,591.6660960395653,20.34594873558992
94.0,3929.6693,570.5305100241361,11.685797964306511
94.0,3932.5466,511.9009212758844,13.13343044571548
94.0,3932.9113,504.9320057282434,7.273926773259156
95.0,3868.5284,1254.4610968545835,20.54738083721097
95.0,3869.6633,1232.354223567304,
95.0,3873.8224,1150.8758781890199,20.869450018644134
95.0,3874.8619,1130.5109326260922,12.869593723841655
95.0,3879.6441,1036.2631852713862,8.356232247192564
95.0,3886.9159,891.2441100150876,13.56524571926358
95.0,3895.4192,720.2245271656344,10.56843694505113
95.0,3898.4374,658.667663326644,8.919140029004335
96.0,3828.3846,1523.1470076813207,10.780971523852704
96.0,3830.7736,1477.3633751869415,12.094083748957324
96.0,3836.5851,1364.4359665614147,13.179380817982345
96.0,3837.8752,1339.3469736589868,9.834938289655737
96.0,3839.6953,1303.9206948738229,20.97060187514608
96.0,3850.5813,1089.4503118516943,33.24315905300164
96.0,3859.8396,902.9854028464216,27.61023056493489
96.0,3863.4059,831.9128441470656,8.15892079335722
96.0,3868.5284,728.2936223449381,24.240845095691352
96.0,3873.8224,619.7733054709512,16.73377051758008
96.0,3874.8619,598.0028648418883,7.9719261979358755
97.0,3803.075,1512.243320978295,9.150352629160436
97.0,3809.4561,1388.2807763854082,13.320326239006672
97.0,3828.3846,1013.0583382524131,29.685745756013926
97.0,3830.7736,964.9626264788873,20.817781322242762
97.0,3836.5851,847.3471640570709,12.919339751957846
97.0,3837.8752,821.0960319431423,13.562923954348841
97.0,3839.6953,783.7316036332201,28.64575679538159
97.0,3850.5813,559.2364199540676,20.826249727728108
98.0,3789.1679999999997,1284.303936432733,9.282441198755258
98.0,3790.795,1251.5460002989141,17.012359462431935
98.0,3803.075,1004.7475669690152,27.01295004368457
98.0,3809.4561,875.6841247383841,25.39161256431839
98.0,3828.3846,483.0470191170445,13.001313026049257
98.0,3830.7736,433.0479620554168,
99.0,3765.27,1257.124911702385,26.266089588433022
99.0,3766.1186,1240.1751354431328,19.04839620409111
99.0,3771.3708,1134.6115321470222,20.291698829775914
99.0,3780.8398,941.4193897912767,18.74354230405072
99.0,3789.1679999999997,770.6321756600497,13.05088595761143
99.0,3803.075,477.8850864223498,11.752979011522484
100.0,3789.1679999999997,1477.887094743316,12.12161738132559
100.0,3803.075,1306.5224951742707,18.054769635576488
100.0,3828.3846,745.4553526105226,31.598552369619657
100.0,3830.7736,727.7551305595798,21.47867767796525
100.0,3839.6953,617.2272253084038,15.992978342852215
,,,
